node
#name	v	h	weight
1	86680	19562	0
2	60448	15264	0
3	80639	36774	0
4	73917	28229	0
5	55958	90667	0
6	89677	68012	0
7	71635	46739	0
8	95513	39412	0
9	45312	2168	0
10	45276	30679	0
11	60784	20839	0
12	61052	97757	0
13	91509	1498	3
14	46775	98695	0
15	29683	32445	0
16	85338	16363	0
17	52007	45787	0
18	31628	32647	0
19	82562	5546	0
20	60876	38520	0
21	96213	50554	0
22	6532	67848	0
23	97294	2046	0
24	7261	42607	0
25	4214	52538	0
26	73287	64998	0
27	73377	34339	0
28	62755	64886	0
29	35838	9531	0
30	63581	65521	0
31	41976	48920	0
32	81885	93984	0
33	94707	13514	0
34	26632	77269	0
35	19060	87509	0
36	15790	15273	0
37	38063	22323	0
38	83122	35357	0
39	24369	90384	0
40	77964	28583	0
41	42922	51252	0
42	93582	16300	0
43	85591	56337	0
44	81186	21430	0
45	65869	44768	0
46	86951	7845	0
47	93688	68837	0
48	1830	88396	0
49	82351	28462	0
50	65666	1411	0
51	15971	81457	0
52	16685	54035	0
53	3781	99808	0
54	89392	28150	0
55	90192	67357	0
56	56734	33115	0
57	18610	50317	0
58	49415	4201	0
59	6655	30602	0
60	25631	72524	0
61	75370	12583	0
62	80370	69059	0
63	81420	82200	0
64	57455	63771	0
65	10663	23122	0
66	65183	26634	0
67	4579	81869	0
68	80669	8361	0
69	81677	70062	0
70	36511	71869	0
71	37420	93246	0
72	4984	56030	0
73	43564	54400	0
74	60232	50219	0
75	85002	85864	0
76	22744	60372	0
77	98447	3114	0
78	29431	79867	0
79	85315	86887	0
80	43639	95978	0
81	10010	8823	0
82	22612	14590	0
83	90692	3282	0
84	22951	72369	0
85	73345	59463	0
86	44239	10766	0
87	52710	49224	0
88	66796	96274	0
89	3624	27029	0
90	46494	88626	0
91	12893	69238	0
92	48999	11340	0
93	72352	78431	0
94	91208	57667	0
95	65319	34848	0
96	53645	75329	0
97	43671	76258	0
98	89919	34364	0
99	79541	12871	0
100	6734	52887	0
101	86680	19562	0
102	60448	15264	0
103	80639	36774	0
104	73917	28229	0
105	55958	90667	0
106	89677	68012	0
107	71635	46739	0
108	95513	39412	0
109	45312	2168	0
110	45276	30679	0
111	60784	20839	0
112	61052	97757	0
113	91509	1498	0
114	46775	98695	0
115	29683	32445	0
116	85338	16363	0
117	52007	45787	0
118	31628	32647	0
119	82562	5546	0
120	60876	38520	0
121	96213	50554	0
122	6532	67848	0
123	97294	2046	0
124	7261	42607	0
125	4214	52538	0
126	73287	64998	0
127	73377	34339	0
128	62755	64886	3
129	35838	9531	0
130	63581	65521	0
131	41976	48920	0
132	81885	93984	0
133	94707	13514	0
134	26632	77269	0
135	19060	87509	0
136	15790	15273	0
137	38063	22323	0
138	83122	35357	0
139	24369	90384	0
140	77964	28583	0
141	42922	51252	0
142	93582	16300	0
143	85591	56337	0
144	81186	21430	0
145	65869	44768	0
146	86951	7845	0
147	93688	68837	0
148	1830	88396	0
149	82351	28462	0
150	65666	1411	0
151	15971	81457	0
152	16685	54035	0
153	3781	99808	0
154	89392	28150	0
155	90192	67357	0
156	56734	33115	0
157	18610	50317	0
158	49415	4201	0
159	6655	30602	0
160	25631	72524	0
161	75370	12583	0
162	80370	69059	0
163	81420	82200	0
164	57455	63771	5
165	10663	23122	0
166	65183	26634	0
167	4579	81869	0
168	80669	8361	0
169	81677	70062	0
170	36511	71869	0
171	37420	93246	0
172	4984	56030	0
173	43564	54400	0
174	60232	50219	0
175	85002	85864	0
176	22744	60372	0
177	98447	3114	0
178	29431	79867	0
179	85315	86887	0
180	43639	95978	0
181	10010	8823	0
182	22612	14590	0
183	90692	3282	0
184	22951	72369	0
185	73345	59463	0
186	44239	10766	0
187	52710	49224	0
188	66796	96274	0
189	3624	27029	0
190	46494	88626	0
191	12893	69238	0
192	48999	11340	0
193	72352	78431	0
194	91208	57667	0
195	65319	34848	0
196	53645	75329	0
197	43671	76258	0
198	89919	34364	0
199	79541	12871	0
200	6734	52887	0
201	86680	19562	0
202	60448	15264	0
203	80639	36774	0
204	73917	28229	0
205	55958	90667	0
206	89677	68012	0
207	71635	46739	0
208	95513	39412	0
209	45312	2168	0
210	45276	30679	0
211	60784	20839	0
212	61052	97757	0
213	91509	1498	0
214	46775	98695	0
215	29683	32445	0
216	85338	16363	0
217	52007	45787	0
218	31628	32647	0
219	82562	5546	0
220	60876	38520	0
221	96213	50554	0
222	6532	67848	0
223	97294	2046	0
224	7261	42607	0
225	4214	52538	0
226	73287	64998	0
227	73377	34339	0
228	62755	64886	0
229	35838	9531	0
230	63581	65521	0
231	41976	48920	0
232	81885	93984	0
233	94707	13514	0
234	26632	77269	0
235	19060	87509	0
236	15790	15273	0
37	38063	22323	0
238	83122	35357	0
239	24369	90384	0
240	77964	28583	0
241	42922	51252	0
242	93582	16300	0
243	85591	56337	7
244	81186	21430	0
245	65869	44768	0
246	86951	7845	0
247	93688	68837	0
248	1830	88396	0
249	82351	28462	0
250	65666	1411	0
251	15971	81457	0
252	16685	54035	0
253	3781	99808	0
254	89392	28150	0
255	90192	67357	0
256	56734	33115	0
257	18610	50317	0
258	49415	4201	0
259	6655	30602	0
260	25631	72524	0
261	75370	12583	0
262	80370	69059	0
263	81420	82200	0
264	57455	63771	0
265	10663	23122	0
266	65183	26634	0
267	4579	81869	0
268	80669	8361	0
269	81677	70062	0
270	36511	71869	0
271	37420	93246	0
272	4984	56030	0
273	43564	54400	0
274	60232	50219	0
275	85002	85864	0
276	22744	60372	0
277	98447	3114	0
278	29431	79867	0
279	85315	86887	0
280	43639	95978	0
281	10010	8823	0
282	22612	14590	0
283	90692	3282	0
284	22951	72369	0
285	73345	59463	0
286	44239	10766	0
287	52710	49224	0
288	66796	96274	0
289	3624	27029	0
290	46494	88626	0
291	12893	69238	0
292	48999	11340	0
293	72352	78431	0
294	91208	57667	0
295	65319	34848	0
296	53645	75329	0
297	43671	76258	0
198	89919	34364	0
299	79541	12871	0
300	6734	52887	0
301	86680	19562	0
302	60448	15264	0
303	80639	36774	0
304	73917	28229	0
305	55958	90667	0
306	89677	68012	0
307	71635	46739	0
308	95513	39412	0
309	45312	2168	0
310	45276	30679	0
311	60784	20839	0
312	61052	97757	0
313	91509	1498	0
314	46775	98695	0
315	29683	32445	0
316	85338	16363	0
317	52007	45787	0
318	31628	32647	0
319	82562	5546	0
320	60876	38520	0
321	96213	50554	0
322	6532	67848	0
323	97294	2046	0
324	7261	42607	0
325	4214	52538	0
326	73287	64998	0
327	73377	34339	0
328	62755	64886	0
329	35838	9531	0
330	63581	65521	0
331	41976	48920	0
332	81885	93984	0
333	94707	13514	0
334	26632	77269	0
335	19060	87509	0
336	15790	15273	0
337	38063	22323	0
338	83122	35357	0
339	24369	90384	0
340	77964	28583	0
341	42922	51252	0
342	93582	16300	0
343	85591	56337	0
344	81186	21430	0
345	65869	44768	0
346	86951	7845	0
347	93688	68837	0
348	1830	88396	0
349	82351	28462	0
350	65666	1411	0
351	15971	81457	0
352	16685	54035	0
353	3781	99808	0
354	89392	28150	0
355	90192	67357	0
356	56734	33115	0
357	18610	50317	0
358	49415	4201	0
359	6655	30602	0
360	25631	72524	0
361	75370	12583	0
362	80370	69059	0
363	81420	82200	0
364	57455	63771	0
365	10663	23122	0
366	65183	26634	0
367	4579	81869	0
368	80669	8361	0
369	81677	70062	0
370	36511	71869	0
371	37420	93246	0
372	4984	56030	0
373	43564	54400	0
374	60232	50219	0
375	85002	85864	0
376	22744	60372	0
377	98447	3114	0
378	29431	79867	0
379	85315	86887	0
380	43639	95978	0
381	10010	8823	0
382	22612	14590	0
383	90692	3282	0
384	22951	72369	0
385	73345	59463	0
386	44239	10766	0
387	52710	49224	0
388	66796	96274	0
389	3624	27029	0
390	46494	88626	0
391	12893	69238	0
392	48999	11340	0
393	72352	78431	0
394	91208	57667	0
395	65319	34848	0
396	53645	75329	0
397	43671	76258	0
398	89919	34364	0
399	79541	12871	0
400	6734	52887	0
401	86680	19562	0
402	60448	15264	0
403	80639	36774	0
404	73917	28229	0
405	55958	90667	0
406	89677	68012	0
407	71635	46739	0
408	95513	39412	0
409	45312	2168	0
410	45276	30679	0
411	60784	20839	0
412	61052	97757	0
413	91509	1498	0
414	46775	98695	0
415	29683	32445	0
416	85338	16363	0
417	52007	45787	0
418	31628	32647	0
419	82562	5546	0
420	60876	38520	0
421	96213	50554	0
422	6532	67848	0
423	97294	2046	0
424	7261	42607	0
425	4214	52538	0
426	73287	64998	0
427	73377	34339	0
428	62755	64886	0
429	35838	9531	0
430	63581	65521	0
431	41976	48920	0
432	81885	93984	0
433	94707	13514	0
434	26632	77269	0
435	19060	87509	0
436	15790	15273	0
437	38063	22323	0
438	83122	35357	0
439	24369	90384	0
440	77964	28583	0
441	42922	51252	0
442	93582	16300	0
443	85591	56337	0
444	81186	21430	0
445	65869	44768	0
446	86951	7845	0
447	93688	68837	0
448	1830	88396	0
449	82351	28462	0
450	65666	1411	0
451	15971	81457	0
452	16685	54035	0
453	3781	99808	0
454	89392	28150	0
455	90192	67357	0
456	56734	33115	0
457	18610	50317	0
458	49415	4201	0
459	6655	30602	0
460	25631	72524	0
461	75370	12583	0
462	80370	69059	0
463	81420	82200	0
464	57455	63771	0
465	10663	23122	0
466	65183	26634	0
467	4579	81869	0
468	80669	8361	0
469	81677	70062	0
470	36511	71869	0
471	37420	93246	0
472	4984	56030	0
473	43564	54400	0
474	60232	50219	0
475	85002	85864	0
476	22744	60372	0
477	98447	3114	0
478	29431	79867	0
479	85315	86887	0
480	43639	95978	0
481	10010	8823	0
482	22612	14590	0
483	90692	3282	0
484	22951	72369	0
485	73345	59463	0
486	44239	10766	0
487	52710	49224	0
488	66796	96274	0
489	3624	27029	0
490	46494	88626	0
491	12893	69238	0
492	48999	11340	0
493	72352	78431	0
494	91208	57667	0
495	65319	34848	0
496	53645	75329	0
497	43671	76258	0
498	89919	34364	0
499	79541	12871	9
500	6734	52887	0
link
#link	x	y	length	RIN	notes
1 485 292 10 na na
2 269 292 2 na na
3 485 334 1 na na
4 294 334 9 na na
5 485 465 6 na na
6 485 173 5 na na
7 334 194 8 na na
8 179 276 4 na na
9 328 276 9 na na
10 177 465 2 na na
11 335 177 4 na na
12 179 223 5 na na
13 338 173 8 na na
14 304 179 3 na na
15 72 179 10 na na
16 443 485 2 na na
17 3 223 4 na na
18 470 72 7 na na
19 423 223 4 na na
20 338 357 7 na na
21 32 179 6 na na
22 177 105 1 na na
23 32 209 3 na na
24 194 458 8 na na
25 177 144 5 na na
26 21 173 2 na na
27 32 186 9 na na
28 485 479 1 na na
29 485 422 7 na na
30 292 99 1 na na
31 59 269 4 na na
32 347 72 3 na na
33 470 440 3 na na
34 422 346 8 na na
35 470 148 8 na na
36 329 269 3 na na
37 480 357 6 na na
38 271 329 9 na na
39 270 347 4 na na
40 443 122 10 na na
41 485 20 8 na na
42 432 105 7 na na
43 3 380 8 na na
44 179 120 5 na na
45 87 485 6 na na
46 222 59 8 na na
47 21 278 7 na na
48 278 73 7 na na
49 39 59 3 na na
50 297 465 2 na na
51 61 99 5 na na
52 277 72 2 na na
53 363 334 7 na na
54 19 363 5 na na
55 479 390 1 na na
56 473 422 5 na na
57 419 59 10 na na
58 33 334 5 na na
59 173 250 10 na na
60 499 120 8 na na
61 269 412 4 na na
62 113 278 9 na na
63 169 222 8 na na
64 33 171 4 na na
65 200 269 10 na na
66 372 223 1 na na
67 335 327 6 na na
68 162 357 9 na na
69 150 250 7 na na
70 204 276 1 na na
71 61 254 7 na na
72 390 172 6 na na
73 444 304 8 na na
74 473 368 8 na na
75 125 223 3 na na
76 412 495 9 na na
77 373 223 6 na na
78 124 372 3 na na
79 402 304 9 na na
80 254 405 2 na na
81 207 338 8 na na
82 382 444 1 na na
83 282 329 8 na na
84 462 171 4 na na
85 87 385 7 na na
86 177 370 3 na na
87 381 370 7 na na
88 277 410 7 na na
89 370 348 10 na na
90 270 258 10 na na
91 207 411 4 na na
92 372 26 4 na na
93 45 120 6 na na
94 315 33 4 na na
95 56 204 9 na na
96 123 297 3 na na
97 173 109 6 na na
98 178 269 1 na na
99 420 178 5 na na
100 198 297 4 na na
101 51 209 4 na na
102 444 467 5 na na
103 334 457 3 na na
104 496 169 3 na na
105 416 346 7 na na
106 73 104 6 na na
107 278 267 2 na na
108 33 166 2 na na
109 137 45 10 na na
110 267 375 5 na na
111 123 361 8 na na
112 81 173 7 na na
113 276 424 10 na na
114 107 148 4 na na
115 200 245 8 na na
116 30 346 5 na na
117 146 124 10 na na
118 390 359 4 na na
119 221 3 1 na na
120 149 162 10 na na
121 500 194 1 na na
122 330 32 9 na na
123 278 127 3 na na
124 495 134 7 na na
125 363 453 9 na na
126 270 434 10 na na
127 406 245 3 na na
128 26 378 7 na na
129 155 277 10 na na
130 30 398 4 na na
131 60 59 7 na na
132 210 470 8 na na
133 151 378 9 na na
134 254 97 2 na na
135 414 370 8 na na
136 3 341 5 na na
137 23 137 9 na na
138 71 496 7 na na
139 348 157 10 na na
140 292 184 9 na na
141 289 282 1 na na
142 198 68 7 na na
143 409 122 8 na na
144 147 222 3 na na
145 119 223 8 na na
146 370 287 6 na na
147 245 288 9 na na
148 51 126 9 na na
149 40 334 1 na na
150 392 200 6 na na
151 186 413 9 na na
152 166 417 9 na na
153 32 429 5 na na
154 91 443 2 na na
155 403 3 5 na na
156 318 56 8 na na
157 205 81 8 na na
158 335 474 4 na na
159 138 335 5 na na
160 227 398 7 na na
161 351 186 2 na na
162 373 95 5 na na
163 444 253 5 na na
164 417 89 9 na na
165 144 6 3 na na
166 207 404 1 na na
167 380 494 2 na na
168 229 19 9 na na
169 375 249 9 na na
170 258 201 8 na na
171 238 443 3 na na
172 429 182 8 na na
173 414 454 2 na na
174 452 32 5 na na
175 39 468 10 na na
176 147 41 3 na na
177 138 131 3 na na
178 127 128 7 na na
179 119 460 1 na na
180 432 340 6 na na
181 413 64 10 na na
182 249 175 5 na na
183 232 119 4 na na
184 432 272 1 na na
185 232 65 7 na na
186 146 299 10 na na
187 177 17 8 na na
188 473 283 1 na na
189 144 451 9 na na
190 383 271 2 na na
191 238 10 8 na na
192 499 360 3 na na
193 322 134 3 na na
194 135 61 7 na na
195 437 17 6 na na
196 189 135 10 na na
197 323 147 2 na na
198 27 221 1 na na
199 229 264 9 na na
200 122 482 6 na na
201 454 319 4 na na
202 32 491 6 na na
203 231 19 10 na na
204 386 271 9 na na
205 22 485 3 na na
206 338 234 4 na na
207 205 310 4 na na
208 493 81 3 na na
209 453 374 7 na na
210 398 364 7 na na
211 67 304 8 na na
212 202 6 6 na na
213 31 126 9 na na
214 248 351 6 na na
215 459 97 2 na na
216 136 485 9 na na
217 96 411 4 na na
218 416 154 10 na na
219 267 174 4 na na
220 235 452 8 na na
221 43 405 9 na na
222 454 497 9 na na
223 216 33 2 na na
224 338 114 3 na na
225 276 110 1 na na
226 328 317 6 na na
227 401 39 4 na na
228 99 430 9 na na
229 34 317 1 na na
230 275 95 6 na na
231 500 488 10 na na
232 30 397 1 na na
233 103 114 8 na na
234 172 70 3 na na
235 50 328 1 na na
236 283 196 1 na na
237 471 287 3 na na
238 370 77 3 na na
239 338 12 1 na na
240 114 477 5 na na
241 357 118 10 na na
242 209 244 2 na na
243 167 32 1 na na
244 328 439 6 na na
245 393 229 8 na na
246 98 270 9 na na
247 351 116 2 na na
248 374 190 4 na na
249 172 152 3 na na
250 240 155 10 na na
251 288 273 7 na na
252 78 19 1 na na
253 193 440 2 na na
254 63 253 7 na na
255 84 457 6 na na
256 500 379 5 na na
257 423 54 1 na na
258 308 97 6 na na
259 453 188 3 na na
260 83 103 4 na na
261 386 306 9 na na
262 56 333 5 na na
263 252 328 9 na na
264 10 263 3 na na
265 439 395 5 na na
266 208 357 8 na na
267 112 70 8 na na
268 297 376 1 na na
269 231 369 10 na na
270 16 364 2 na na
271 208 408 7 na na
272 73 464 4 na na
273 276 37 6 na na
274 126 79 7 na na
275 247 272 10 na na
276 34 2 4 na na
277 448 229 4 na na
278 239 416 3 na na
279 293 240 8 na na
280 377 277 9 na na
281 433 373 10 na na
282 376 142 2 na na
283 70 436 3 na na
284 32 295 7 na na
285 98 159 4 na na
286 191 127 10 na na
287 142 311 9 na na
288 31 313 5 na na
289 431 231 6 na na
290 13 468 3 na na
291 304 268 9 na na
292 261 258 9 na na
293 174 158 10 na na
294 418 491 3 na na
295 177 320 1 na na
296 351 324 6 na na
297 237 84 5 na na
298 451 371 5 na na
299 438 247 5 na na
300 436 53 8 na na
301 148 156 10 na na
302 302 381 1 na na
303 329 35 9 na na
304 30 133 6 na na
305 31 331 5 na na
306 35 94 5 na na
307 34 111 4 na na
308 86 385 8 na na
309 99 455 9 na na
310 206 406 2 na na
311 8 26 8 na na
312 466 79 8 na na
313 55 439 4 na na
314 362 155 6 na na
315 143 83 9 na na
316 155 139 5 na na
317 394 338 7 na na
318 164 19 8 na na
319 300 112 9 na na
320 90 278 2 na na
321 145 128 1 na na
322 113 445 4 na na
323 426 315 10 na na
324 273 115 6 na na
325 312 380 4 na na
326 152 354 5 na na
327 121 306 2 na na
328 136 85 3 na na
329 85 197 10 na na
330 369 396 1 na na
331 231 449 9 na na
332 456 393 4 na na
333 316 105 10 na na
334 51 102 8 na na
335 179 11 8 na na
336 341 242 5 na na
337 255 94 1 na na
338 390 49 8 na na
339 358 126 3 na na
340 399 71 5 na na
341 358 92 4 na na
342 143 355 7 na na
343 359 38 8 na na
344 325 454 3 na na
345 423 469 3 na na
346 478 312 8 na na
347 262 462 2 na na
348 345 462 8 na na
349 211 149 5 na na
350 86 266 5 na na
351 21 153 8 na na
352 169 117 5 na na
353 414 246 3 na na
354 415 156 2 na na
355 168 249 9 na na
356 390 441 8 na na
357 35 101 2 na na
358 105 307 8 na na
359 461 194 10 na na
360 120 57 8 na na
361 140 125 5 na na
362 420 7 3 na na
363 297 217 1 na na
364 422 483 4 na na
365 486 457 4 na na
366 115 265 9 na na
367 386 69 9 na na
368 225 277 5 na na
369 472 205 10 na na
370 170 79 6 na na
371 484 133 7 na na
372 259 30 6 na na
373 240 62 3 na na
374 388 31 10 na na
375 365 2 3 na na
376 228 23 10 na na
377 183 395 10 na na
378 20 226 4 na na
379 120 29 3 na na
380 290 496 7 na na
381 259 384 2 na na
382 230 420 2 na na
383 356 90 4 na na
384 309 393 9 na na
385 108 499 5 na na
386 292 1 2 na na
387 339 277 10 na na
388 106 283 5 na na
389 160 158 9 na na
390 486 9 7 na na
391 428 142 10 na na
392 15 69 5 na na
393 498 22 5 na na
394 142 241 9 na na
395 412 14 7 na na
396 100 160 8 na na
397 342 90 10 na na
398 447 190 4 na na
399 426 284 9 na na
400 20 487 5 na na
401 88 460 1 na na
402 5 217 5 na na
403 59 280 5 na na
404 343 174 1 na na
405 196 353 7 na na
406 304 199 10 na na
407 396 257 9 na na
408 425 136 3 na na
409 92 25 9 na na
410 130 485 1 na na
411 442 445 2 na na
412 176 123 8 na na
413 62 66 2 na na
414 383 44 8 na na
415 27 305 8 na na
416 318 203 9 na na
417 475 324 10 na na
418 400 496 10 na na
419 75 315 1 na na
420 341 185 3 na na
421 258 141 8 na na
422 89 435 2 na na
423 165 443 2 na na
424 314 174 5 na na
425 463 11 8 na na
426 279 194 2 na na
427 481 197 4 na na
428 220 467 3 na na
429 219 205 8 na na
430 490 472 8 na na
431 162 367 8 na na
432 275 391 6 na na
433 112 4 9 na na
434 427 356 2 na na
435 36 220 4 na na
436 437 215 5 na na
437 246 129 9 na na
438 57 212 3 na na
439 9 58 7 na na
440 412 251 1 na na
441 337 481 2 na na
442 375 260 10 na na
443 177 285 1 na na
444 340 281 10 na na
445 106 350 10 na na
446 166 46 4 na na
447 332 273 9 na na
448 224 487 2 na na
449 426 214 3 na na
450 181 248 3 na na
451 236 397 8 na na
452 28 324 1 na na
453 476 305 4 na na
454 20 192 7 na na
455 4 180 6 na na
456 498 352 7 na na
457 116 489 2 na na
458 421 97 2 na na
459 116 450 3 na na
460 329 344 10 na na
461 112 213 5 na na
462 220 298 6 na na
463 76 331 6 na na
464 282 286 7 na na
465 296 89 6 na na
466 222 321 2 na na
467 24 182 8 na na
468 238 326 10 na na
469 160 163 8 na na
470 187 68 1 na na
471 195 33 9 na na
472 492 456 10 na na
473 495 407 7 na na
474 145 74 10 na na
475 42 224 9 na na
476 255 80 2 na na
477 234 233 10 na na
478 11 336 2 na na
479 269 301 1 na na
480 161 249 3 na na
481 256 424 3 na na
482 231 366 8 na na
483 132 44 3 na na
484 52 244 8 na na
485 48 4 1 na na
486 193 18 9 na na
487 82 141 8 na na
488 389 252 8 na na
489 446 313 7 na na
490 218 270 7 na na
491 409 47 8 na na
492 349 41 8 na na
493 334 274 1 na na
494 303 189 10 na na
495 93 343 2 na na
496 387 358 10 na na
497 279 291 5 na na
498 243 396 2 na na
499 242 16 6 na na
500 137 322 4 na na
501 333 421 4 na na
502 257 29 4 na na
503 235 397 7 na na
504 337 205 4 na na
505 478 171 2 na na
506 440 11 9 na na
507 43 104 2 na na
508 241 411 1 na na
509 439 464 3 na na
510 87 175 6 na na
511 412 123 2 na na
512 150 153 5 na na
513 387 183 2 na na
514 253 364 10 na na
515 45 420 1 na na
516 384 69 7 na na
517 480 186 1 na na
518 116 79 10 na na
519 380 139 5 na na
520 157 313 1 na na
521 139 252 9 na na
522 167 214 8 na na
523 135 184 7 na na
524 386 392 4 na na
525 101 293 4 na na
526 390 105 8 na na
527 119 57 5 na na
528 482 55 2 na na
529 389 310 8 na na
530 416 159 1 na na
531 279 71 10 na na
532 51 373 2 na na
533 376 226 6 na na
534 365 176 8 na na
535 278 237 2 na na
536 150 129 3 na na
537 438 411 9 na na
538 54 160 7 na na
539 79 155 10 na na
540 190 284 1 na na
541 223 158 5 na na
542 486 411 5 na na
543 184 363 3 na na
544 125 386 4 na na
545 302 295 9 na na
546 305 365 8 na na
547 497 317 1 na na
548 354 202 10 na na
549 307 143 5 na na
550 132 204 4 na na
551 144 309 8 na na
552 116 279 1 na na
553 322 414 5 na na
554 319 375 1 na na
555 242 355 7 na na
556 88 150 3 na na
557 280 52 3 na na
558 96 343 10 na na
559 196 17 10 na na
560 84 463 2 na na
561 449 363 1 na na
562 451 446 7 na na
563 39 411 2 na na
564 38 407 3 na na
565 323 267 10 na na
566 48 349 9 na na
567 395 259 3 na na
568 397 153 10 na na
569 131 373 7 na na
570 55 451 4 na na
571 418 376 10 na na
572 2 489 9 na na
573 224 1 7 na na
574 354 42 3 na na
575 132 183 3 na na
576 84 45 8 na na
577 347 305 5 na na
578 218 14 8 na na
579 341 263 5 na na
580 449 77 2 na na
581 482 85 2 na na
582 419 16 7 na na
583 23 478 5 na na
584 266 131 9 na na
585 250 170 7 na na
586 58 121 6 na na
587 374 13 2 na na
588 230 127 4 na na
589 465 318 9 na na
590 206 236 4 na na
591 277 441 2 na na
592 14 82 7 na na
593 437 169 3 na na
594 132 208 8 na na
595 20 67 10 na na
596 269 143 6 na na
597 20 401 2 na na
598 131 29 8 na na
599 205 46 9 na na
600 342 68 10 na na
601 361 393 5 na na
602 147 416 8 na na
603 400 134 7 na na
604 388 111 5 na na
605 495 398 2 na na
606 431 272 10 na na
607 192 87 2 na na
608 168 163 8 na na
609 114 481 3 na na
610 476 93 6 na na
611 252 456 2 na na
612 425 176 5 na na
613 418 16 7 na na
614 479 396 1 na na
615 379 365 8 na na
616 470 493 8 na na
617 372 494 4 na na
618 435 306 6 na na
619 431 77 7 na na
620 431 383 4 na na
621 374 235 10 na na
622 223 161 3 na na
623 20 90 1 na na
624 441 322 9 na na
ring